
  1D histogram 6: neutrons flux (dN/dE) at exit
 
 	     X 		     Y
  0	-2.930846e+00	3.398230e+02
  1	-2.792539e+00	3.832046e+02
  2	-2.654232e+00	4.627377e+02
  3	-2.515924e+00	4.410468e+02
  4	-2.377617e+00	4.771982e+02
  5	-2.239310e+00	4.482771e+02
  6	-2.101003e+00	6.579551e+02
  7	-1.962695e+00	5.928826e+02
  8	-1.824388e+00	5.350404e+02
  9	-1.686081e+00	8.459423e+02
  10	-1.547773e+00	1.055620e+03
  11	-1.409466e+00	1.323141e+03
  12	-1.271159e+00	1.554509e+03
  13	-1.132851e+00	1.597891e+03
  14	-9.945441e-01	1.973865e+03
  15	-8.562368e-01	2.689663e+03
  16	-7.179295e-01	3.159631e+03
  17	-5.796222e-01	4.396008e+03
  18	-4.413149e-01	5.068424e+03
  19	-3.030076e-01	5.798681e+03
  20	-1.647003e-01	6.695236e+03
  21	-2.639297e-02	6.810920e+03
  22	1.119143e-01	6.651854e+03
  23	2.502216e-01	5.147957e+03
  24	3.885289e-01	3.304236e+03
  25	5.268362e-01	1.735266e+03
  26	6.651435e-01	1.503897e+03
  27	8.034509e-01	1.315910e+03
  28	9.417582e-01	1.417134e+03
  29	1.080065e+00	2.175590e+04
